____water__ 0 1 0 0 0 1 0 0 0 0 0 0 0 0 0 0 0 0 0 0 0 0 0 y __none__
_____farm__ 1 0 1 0 0 1 1 0 0 0 0 0 0 0 0 0 0 0 0 0 0 0 0 y __none__
___forest__ 0 1 0 1 0 0 1 1 1 0 0 0 0 0 0 0 0 0 0 0 0 0 0 y __none__
____swamp__ 0 0 1 0 1 0 0 0 1 1 0 0 0 0 0 0 0 0 0 0 0 0 0 y _LosTri_
____plain__ 0 0 0 1 0 0 0 0 0 1 1 0 0 0 0 0 0 0 0 0 0 0 0 y __none__
_mountain__ 1 1 0 0 0 0 1 0 0 0 0 1 0 0 0 0 0 0 0 0 0 0 0 y __none__
____plain__ 0 1 1 0 0 1 0 1 0 0 0 1 1 0 0 0 0 0 0 0 0 0 0 n _LosTri_
____water__ 0 0 1 0 0 0 1 0 1 0 0 0 1 1 0 0 0 0 0 0 0 0 0 n __none__
_mountain__ 0 0 1 1 0 0 0 1 0 1 0 0 0 1 1 0 0 0 0 0 0 0 0 n __none__
_____farm__ 0 0 0 1 1 0 0 0 1 0 1 0 0 0 1 0 0 0 0 0 0 0 0 n __none__
___forest__ 0 0 0 0 1 0 0 0 0 1 0 0 0 0 1 1 0 0 0 0 0 0 0 y _LosTri_
_____farm__ 0 0 0 0 0 1 1 0 0 0 0 0 1 0 0 0 1 1 0 0 0 0 0 y _LosTri_
___forest__ 0 0 0 0 0 0 1 1 0 0 0 1 0 1 0 0 0 1 1 0 0 0 0 n _LosTri_
_____farm__ 0 0 0 0 0 0 0 1 1 0 0 0 1 0 1 0 0 0 1 1 1 0 0 n _LosTri_
____plain__ 0 0 0 0 0 0 0 0 1 1 1 0 0 1 0 1 0 0 0 0 1 1 0 n _LosTri_
_mountain__ 0 0 0 0 0 0 0 0 0 0 1 0 0 0 1 0 0 0 0 0 0 1 1 y __none__
____swamp__ 0 0 0 0 0 0 0 0 0 0 0 1 0 0 0 0 0 1 0 0 0 0 0 y _LosTri_
____plain__ 0 0 0 0 0 0 0 0 0 0 0 1 1 0 0 0 1 0 1 0 0 0 0 y __none__
____swamp__ 0 0 0 0 0 0 0 0 0 0 0 0 1 1 0 0 0 1 0 1 0 0 0 y _LosTri_
_mountain__ 0 0 0 0 0 0 0 0 0 0 0 0 0 1 0 0 0 0 1 0 1 0 0 n __none__
____swamp__ 0 0 0 0 0 0 0 0 0 0 0 0 0 1 1 0 0 0 0 1 0 1 1 y __none__
___forest__ 0 0 0 0 0 0 0 0 0 0 0 0 0 0 0 0 0 0 0 0 0 0 0 n __none__
____water__ 0 0 0 0 0 0 0 0 0 0 0 0 0 0 1 1 0 0 0 0 1 0 0 y __none__